cam:
  H: 480
  W: 640
  fx: 554.2562584220408
  fy: 554.2562584220408
  cx: 320
  cy: 240
  png_depth_scale: 1000. #for depth image in png format
  crop_edge: 0
  near: 0
  far: 4
  depth_trunc: 100.